0.000013713714962706647	0.000027874885245620566	-0.004379441939317278	1.0668327811198936e-6	0.6407207836498718	0.03842610232120447	1.071807271480438	8.002871715064503	-0.6837983595992355
0.000027874885245620566	0.00008918599520613492	0.13121859678117898	-0.000016839164571278116	-4.090406421396644	-0.7047849060346023	0.7197786071293859	-18.66334687622757	4.369184820167851
-0.004379441939317278	0.13121859678117898	1437.879696410933	-2.427094332344896e-16	-48153.49138153468	1079.2985182166035	1735.3295954435537	-247423.47308704155	51186.71169882145
1.0668327811198936e-6	-0.000016839164571278116	-2.427094332344896e-16	0.0003113318483688144	6.919429936109735e-15	14.813639230499106	1.784306394129529	9.853821105148596	-0.4419067912712389
0.6407207836498718	-4.090406421396644	-48153.49138153468	6.919429936109735e-15	1.6676712032627498e6	-37345.94763883389	61199.024761563414	9.090264860139137e6	-1.7727712651646112e6
0.03842610232120447	-0.7047849060346023	1079.2985182166035	14.813639230499106	-37345.94763883389	809000.31587687	56119.90339834532	165408.02834198938	18672.97381941695
1.071807271480438	0.7197786071293859	1735.3295954435537	1.784306394129529	61199.024761563414	56119.90339834532	335406.2524522876	1.5989444383602869e6	-1151.09628851274
8.002871715064503	-18.66334687622757	-247423.47308704155	9.853821105148596	9.090264860139137e6	165408.02834198938	1.5989444383602869e6	5.482371010949257e7	-9.594635169270037e6
-0.6837983595992355	4.369184820167851	51186.71169882145	-0.4419067912712389	-1.7727712651646112e6	18672.97381941695	-1151.09628851274	-9.594635169270037e6	1.9626037012565765e6