0.00012583776853884452	-0.0002972406021652562	0.017091426903443518	-1.5140738598971957e-6	-1.9138961564612393	-0.054503184845725375	-0.2455231113004872	-4.690210482524325	0.7365437151879566
-0.0002972406021652562	0.001085619568380242	0.11367406223800247	-6.109996947523638e-6	2.351901371097349	-0.2567992871446344	5.764779238574306	18.34235170399792	1.266591868166656
0.017091426903443518	0.11367406223800247	1391.0358585654694	-0.00013300568713670076	-47512.781934490464	1019.3981596020795	4144.255674508629	-222744.56826577897	48309.62631740106
-1.5140738598971957e-6	-6.109996947523638e-6	-0.00013300568713670076	0.00029349037487703126	-0.3955941874886963	13.925321718050274	1.675425716979979	9.264971512810918	-0.4158925184381028
-1.9138961564612393	2.351901371097349	-47512.781934490464	-0.3955941874886963	1.8182537650893074e6	-56166.74888573938	104215.70473102682	9.266234051756844e6	-1.7713525674486784e6
-0.054503184845725375	-0.2567992871446344	1019.3981596020795	13.925321718050274	-56166.74888573938	760593.8897810258	52922.613415394866	156647.5146366946	17573.282640928115
-0.2455231113004872	5.764779238574306	4144.255674508629	1.675425716979979	104215.70473102682	52922.613415394866	471379.7756139357	2.10202774622354e6	13152.20421582668
-4.690210482524325	18.34235170399792	-222744.56826577897	9.264971512810918	9.266234051756844e6	156647.5146366946	2.10202774622354e6	5.3798139960992865e7	-8.957895271565184e6
0.7365437151879566	1.266591868166656	48309.62631740106	-0.4158925184381028	-1.7713525674486784e6	17573.282640928115	13152.20421582668	-8.957895271565184e6	1.8450134842352483e6